"Bern" "Davos" "Genf" "St.Bern" "Saentis" "SilsM"
"1" -2.3 -7.5 -0.1 -9.4 -9.2 -9.2
"2" -0.7 -4.7 0.9 -7.6 -7.2 -6.4
"3" -0.9 -5.4 1.3 -7 -6.6 -7.1
"4" -1.5 -6.2 0.9 -9.5 -8 -7.9
"5" -1.4 -7.1 0 -8.8 -8.6 -8.4
"6" -0.9 -6.9 0.7 -7.7 -8.1 -8.5
"7" -3 -8.1 -1.1 -10.7 -10.7 -8.4
"8" -1 -5.4 0.9 -7.6 -7.5 -7.1
"9" -2.8 -8.1 -0.7 -9.8 -9.4 -9.6
"10" 0.4 -4.6 2.8 -8.4 -8.1 -6.3
"11" -1.3 -6 1.1 -7.5 -7.5 -7.3
"12" 1.7 -3.1 3.4 -6.2 -6 -5.4
"13" 0.2 -4.8 1.8 -6.7 -6.5 -6.9
"14" -1.6 -6 0.2 -7.5 -7.1 -6.9
"15" 0.4 -5.4 2.3 -9.9 -9 -7.5
"16" 2.3 -3.6 3.5 -6.8 -6.6 -5.2
"17" -1.8 -6.7 -0.2 -9.8 -9 -8.4
"18" -2.3 -6.6 -0.2 -8.3 -7.7 -8.5
"19" 0.3 -5.7 2.2 -8.2 -7.8 -7.3
"20" 1.9 -4.5 3 -6.5 -6.1 -6.3
"21" 1 -5 2.2 -6.9 -6.6 -6.4
"22" -0.4 -5.6 1.4 -8.1 -8.2 -6.9
"23" 0.2 -5.7 1.8 -8.1 -8.4 -7
"24" -1.7 -7.5 0.5 -9.5 -9.7 -8.9
"25" 0.8 -4.3 2.3 -6.7 -5.8 -6.8
"26" 1.1 -4.4 2.7 -7.1 -7.3 -6.8
"27" -0.9 -6 0.9 -8.6 -8.1 -7.2
"28" 0.8 -4.5 2.4 -7.4 -7.1 -6.8
"29" -4.2 -9.5 -1.9 -10.9 -10.9 -10.7
"30" 1.4 -4.6 2.9 -8.1 -6.7 -6.8
"31" -0.3 -7 1.7 -9.5 -9.2 -8.1
"32" -1.7 -7.4 0 -8.2 -7.5 -8.7
"33" -1 -5.8 0.6 -8.7 -8 -7.8
"34" -2.2 -6.4 -0.3 -7.8 -7.5 -8.3
"35" 0.8 -5.3 2.5 -8.2 -8.3 -6.9
"36" 1 -4.6 2.7 -8.4 -7.8 -6.4
"37" 1.6 -4.5 3.2 -6.5 -6.5 -6.3
"38" -0.6 -7 1.2 -8.7 -9 -8.6
"39" -0.7 -4.3 1.6 -7.7 -6.9 -6.2
"40" -2.1 -7 -0.2 -8.4 -8.7 -8.6
"41" -2.7 -8.1 -0.3 -9.9 -9.6 -9.5
"42" -3.7 -8.4 -1.4 -10.5 -11 -9.7
"43" 0 -4.9 1.7 -7.2 -6.4 -7
"44" -1 -6.3 0.9 -8.2 -7.9 -7.4
"45" -1.8 -7.6 0.5 -9.3 -9.1 -8.6
"46" -0.2 -5.5 2 -8.4 -8.1 -7.4
"47" -2.6 -7.3 -0.4 -10.3 -9.8 -9.9
"48" 1.6 -4.7 3 -7.9 -8.4 -6.9
"49" -0.2 -5.1 1.5 -6 -5.6 -6.8
"50" 1.2 -4.8 2.9 -6.8 -6.5 -7.4
"51" -0.1 -5.8 1.6 -10.1 -8.6 -8
"52" -1.3 -6.3 0.6 -8.6 -8.4 -8.2
"53" -1.7 -7.7 0.1 -9.2 -9 -9.8
"54" -1 -5.6 0.9 -8.3 -8 -7.8
"55" 0.6 -4.8 2.6 -7.2 -7.2 -7.2
"56" -1.8 -7.5 0.3 -9.4 -9.7 -9.2
"57" -0.1 -4.6 2.1 -7 -7.2 -6.9
"58" 0.2 -4.9 2.3 -7.4 -7.2 -6.8
"59" 0.5 -4.7 2.4 -7 -6.5 -6.6
"60" 0.6 -4.4 2.6 -8.2 -7.5 -6.8
"61" 1.1 -4.1 2.9 -7.6 -6.4 -7.2
"62" 0.3 -4.8 2.5 -7.7 -7.6 -6.9
"63" -5.1 -9.1 -2.4 -11.8 -10.9 -10.8
"64" -1.8 -5.3 0.5 -7.7 -6 -7.6
"65" -1.5 -6.7 0.3 -10.2 -9.5 -8.2
"66" 1.6 -4.3 3.1 -6.9 -7.2 -6.2
"67" 0.7 -5.2 2.2 -8.7 -8.2 -7.2
"68" -0.7 -5.9 0.9 -8.6 -8.9 -7.2
"69" -1 -5.8 1.2 -9.9 -8.9 -8.7
"70" -1.6 -6.2 0.8 -9.8 -9.3 -8.6
"71" -1 -5.2 0.8 -8.8 -8.1 -7.6
"72" 1.1 -2.7 2.2 -6.9 -5.4 -5.6
"73" -0.7 -4.6 1.1 -8.5 -6.7 -7
"74" 1.9 -3.4 3.2 -7.4 -6.7 -5.4
"75" 3 -3.2 3.5 -5.4 -5.6 -5.4
"76" 0.7 -4 1.6 -6.3 -5.9 -6
"77" 1.2 -4.7 2.9 -8.5 -7.8 -7.4
"78" 0.3 -4.2 2.2 -7.9 -7 -6.3
"79" 0.1 -4.3 2.3 -8.4 -8.2 -7.3
"80" 1.4 -3.9 3.1 -7.9 -6.7 -7.2
"81" -1.8 -7.2 -0.1 -8.8 -9.3 -8.5
"82" 0.7 -4.7 2.8 -8.7 -7.7 -7.1
"83" 0.9 -5.1 2.4 -6.7 -7.3 -6.8
"84" 0.1 -5.7 2.1 -8.4 -8.6 -7.5
"85" -1.9 -5.7 0.1 -8.2 -8.5 -7.4
"86" -0.8 -5.7 1.1 -8.6 -8.4 -8.1
"87" -0.8 -5.2 1.2 -7.6 -7.9 -6.7
"88" 1.9 -3 3.7 -6.3 -5.8 -5.2
"89" 1.5 -2.6 2.8 -4.4 -4.1 -4.3
"90" 2.1 -1.6 4.1 -4.5 -3.4 -5.4
"91" -0.6 -5.8 1.3 -8.2 -7.7 -9
"92" -0.7 -4.7 1.6 -5.6 -5.5 -6.9
"93" 0.7 -3.6 2.3 -5.4 -4.9 -5.9
"94" 2.8 -3.8 4 -7.1 -7.2 -5.9
"95" 2.3 -3.4 4.2 -6.2 -6.4 -5.1
"96" -0.2 -4 2.2 -7.8 -6.5 -6.7
"97" 0.9 -2.8 2.7 -5.7 -4.5 -5.8
"98" 2.3 -2.7 3.6 -5.4 -4.7 -5
"99" 0.2 -4.9 1.9 -7.3 -7.6 -6.8
"100" 1.8 -4.6 3.2 -6.7 -7.6 -6.4
"101" 2.7 -2.7 4.5 -6.8 -6.1 -5.9
"102" 1.7 -3.9 3.1 -6.2 -6.3 -4.9
"103" 0.5 -5.3 2.5 -8.3 -7.6 -7.4
